Time,phyb22,phyb28,ELF322,ELF328,PIF422,PIF428,COP122,COP128
0.0,0.0,0.0,0.0,0.0,0.0,0.0,0.0,0.0
0.24,0.894,0.177,3.275,4.556,0.105,0.21,0.195,1.05
0.481,0.97,0.308,2.789,4.473,0.197,0.41,0.323,1.732
0.721,0.977,0.405,2.593,4.437,0.286,0.601,0.405,2.176
0.962,0.977,0.476,2.528,4.425,0.367,0.782,0.459,2.465
1.202,0.977,0.528,2.507,4.421,0.441,0.951,0.494,2.653
1.443,0.977,0.567,2.501,4.42,0.507,1.109,0.517,2.775
1.683,0.977,0.596,2.499,4.42,0.565,1.257,0.532,2.854
1.924,0.977,0.617,2.499,4.42,0.617,1.394,0.541,2.906
2.164,0.977,0.632,2.499,4.419,0.663,1.523,0.547,2.94
2.405,0.977,0.644,2.499,4.419,0.704,1.642,0.551,2.961
2.645,0.977,0.652,2.499,4.419,0.739,1.754,0.554,2.976
2.886,0.977,0.658,2.499,4.419,0.771,1.858,0.556,2.985
3.126,0.977,0.663,2.499,4.419,0.798,1.955,0.557,2.991
3.367,0.977,0.666,2.499,4.419,0.822,2.046,0.558,2.995
3.607,0.977,0.669,2.499,4.419,0.844,2.131,0.558,2.997
3.848,0.977,0.671,2.499,4.419,0.862,2.211,0.558,2.999
4.088,0.977,0.672,2.499,4.419,0.879,2.285,0.559,3.0
4.329,0.977,0.673,2.499,4.419,0.893,2.355,0.559,3.001
4.569,0.977,0.674,2.499,4.419,0.906,2.421,0.559,3.001
4.81,0.977,0.674,2.499,4.419,0.917,2.483,0.559,3.002
5.05,0.977,0.675,2.499,4.419,0.926,2.54,0.559,3.002
5.291,0.977,0.675,2.499,4.419,0.935,2.595,0.559,3.002
5.531,0.977,0.675,2.499,4.419,0.942,2.646,0.559,3.002
5.772,0.977,0.675,2.499,4.419,0.949,2.694,0.559,3.002
6.012,0.977,0.675,2.499,4.419,0.954,2.738,0.559,3.002
6.253,0.977,0.675,2.499,4.419,0.959,2.781,0.559,3.002
6.493,0.977,0.676,2.499,4.419,0.964,2.82,0.559,3.002
6.733,0.977,0.676,2.499,4.419,0.968,2.858,0.559,3.002
6.974,0.977,0.676,2.499,4.419,0.971,2.893,0.559,3.002
7.214,0.977,0.676,2.499,4.419,0.974,2.925,0.559,3.002
7.455,0.977,0.676,2.499,4.419,0.977,2.956,0.559,3.002
7.695,0.977,0.676,2.499,4.419,0.979,2.985,0.559,3.002
7.936,0.977,0.676,2.499,4.419,0.981,3.013,0.559,3.002
8.176,0.977,0.676,2.499,4.419,0.983,3.038,0.559,3.002
8.417,0.977,0.676,2.499,4.419,0.984,3.062,0.559,3.002
8.657,0.977,0.676,2.499,4.419,0.985,3.085,0.559,3.002
8.898,0.977,0.676,2.499,4.419,0.987,3.106,0.559,3.002
9.138,0.977,0.676,2.499,4.419,0.988,3.126,0.559,3.002
9.379,0.977,0.676,2.499,4.419,0.989,3.145,0.559,3.002
9.619,0.977,0.676,2.499,4.419,0.989,3.163,0.559,3.002
9.86,0.977,0.676,2.499,4.419,0.99,3.179,0.559,3.002
10.1,0.977,0.676,2.499,4.419,0.991,3.195,0.559,3.002
10.341,0.977,0.676,2.499,4.419,0.991,3.209,0.559,3.002
10.581,0.977,0.676,2.499,4.419,0.992,3.223,0.559,3.002
10.822,0.977,0.676,2.499,4.419,0.992,3.236,0.559,3.002
11.062,0.977,0.676,2.499,4.419,0.992,3.248,0.559,3.002
11.303,0.977,0.676,2.499,4.419,0.993,3.26,0.559,3.002
11.543,0.977,0.676,2.499,4.419,0.993,3.27,0.559,3.002
11.784,0.977,0.676,2.499,4.419,0.993,3.28,0.559,3.002
12.024,0.977,0.676,2.499,4.419,0.993,3.29,0.559,3.002
12.265,0.977,0.676,2.499,4.419,0.994,3.299,0.559,3.002
12.505,0.977,0.676,2.499,4.419,0.994,3.307,0.559,3.002
12.745,0.977,0.676,2.499,4.419,0.994,3.315,0.559,3.002
12.986,0.977,0.676,2.499,4.419,0.994,3.322,0.559,3.002
13.226,0.977,0.676,2.499,4.419,0.994,3.329,0.559,3.002
13.467,0.977,0.676,2.499,4.419,0.994,3.336,0.559,3.002
13.707,0.977,0.676,2.499,4.419,0.994,3.342,0.559,3.002
13.948,0.977,0.676,2.499,4.419,0.994,3.348,0.559,3.002
14.188,0.977,0.676,2.499,4.42,0.995,3.353,0.559,3.002
14.429,0.977,0.676,2.5,4.42,0.995,3.358,0.559,3.002
14.669,0.977,0.676,2.502,4.42,0.995,3.363,0.559,3.002
14.91,0.977,0.676,2.509,4.421,0.994,3.367,0.559,3.002
15.15,0.977,0.676,2.534,4.426,0.994,3.372,0.559,3.002
15.391,0.977,0.676,2.612,4.44,0.993,3.375,0.559,3.002
15.631,0.977,0.676,2.843,4.483,0.988,3.379,0.559,3.002
15.872,0.977,0.676,3.396,4.584,0.977,3.382,0.559,3.002
16.112,0.952,0.645,4.236,4.737,0.978,3.396,11.883,13.882
16.353,0.901,0.585,4.925,4.863,1.003,3.445,29.691,30.991
16.593,0.852,0.529,5.257,4.924,1.024,3.507,41.273,42.119
16.834,0.805,0.48,5.376,4.946,1.045,3.581,48.806,49.356
17.074,0.762,0.435,5.414,4.953,1.068,3.665,53.706,54.064
17.315,0.72,0.394,5.425,4.955,1.093,3.758,56.893,57.125
17.555,0.681,0.357,5.429,4.956,1.12,3.86,58.965,59.116
17.796,0.644,0.323,5.43,4.956,1.149,3.968,60.313,60.412
18.036,0.609,0.293,5.43,4.956,1.179,4.084,61.19,61.254
18.277,0.576,0.265,5.43,4.956,1.21,4.206,61.76,61.802
18.517,0.545,0.24,5.43,4.956,1.244,4.333,62.131,62.158
18.758,0.515,0.218,5.43,4.956,1.278,4.466,62.372,62.39
18.998,0.487,0.197,5.43,4.956,1.315,4.604,62.529,62.54
19.238,0.461,0.179,5.43,4.956,1.352,4.746,62.631,62.639
19.479,0.436,0.162,5.43,4.956,1.391,4.893,62.697,62.702
19.719,0.412,0.147,5.43,4.956,1.431,5.044,62.741,62.744
19.96,0.39,0.133,5.43,4.956,1.472,5.198,62.769,62.771
20.2,0.369,0.12,5.43,4.956,1.514,5.356,62.787,62.788
20.441,0.349,0.109,5.43,4.956,1.557,5.517,62.799,62.8
20.681,0.33,0.099,5.43,4.956,1.602,5.681,62.807,62.807
20.922,0.312,0.089,5.43,4.956,1.648,5.848,62.812,62.812
21.162,0.295,0.081,5.43,4.956,1.694,6.018,62.815,62.815
21.403,0.279,0.073,5.43,4.956,1.742,6.19,62.817,62.817
21.643,0.264,0.066,5.43,4.956,1.791,6.365,62.818,62.818
21.884,0.25,0.06,5.43,4.956,1.84,6.541,62.819,62.819
22.124,0.236,0.055,5.43,4.956,1.891,6.72,62.82,62.82
22.365,0.223,0.049,5.43,4.956,1.943,6.901,62.82,62.82
22.605,0.211,0.045,5.428,4.955,1.995,7.083,62.82,62.82
22.846,0.2,0.041,5.423,4.954,2.048,7.267,62.821,62.821
23.086,0.189,0.037,5.405,4.951,2.103,7.453,62.821,62.821
23.327,0.179,0.033,5.347,4.941,2.158,7.64,62.821,62.821
23.567,0.169,0.03,5.172,4.908,2.216,7.828,62.821,62.821
23.808,0.16,0.027,4.718,4.826,2.278,8.018,62.821,62.821
24.048,0.473,0.064,3.923,4.68,2.342,8.208,57.688,57.89
24.289,0.934,0.224,3.152,4.539,2.312,8.322,37.716,38.701
24.529,0.974,0.343,2.732,4.462,2.266,8.346,24.726,26.22
24.77,0.977,0.43,2.573,4.433,2.226,8.303,16.277,18.103
25.01,0.977,0.495,2.522,4.424,2.188,8.209,10.782,12.824
25.251,0.977,0.542,2.506,4.421,2.151,8.079,7.208,9.39
25.491,0.977,0.577,2.501,4.42,2.113,7.921,4.883,7.157
25.731,0.977,0.603,2.499,4.42,2.073,7.744,3.372,5.704
25.972,0.977,0.622,2.499,4.42,2.028,7.555,2.388,4.76
26.212,0.977,0.636,2.499,4.419,1.979,7.358,1.749,4.145
26.453,0.977,0.647,2.499,4.419,1.923,7.158,1.333,3.746
26.693,0.977,0.654,2.499,4.419,1.862,6.959,1.062,3.486
26.934,0.977,0.66,2.499,4.419,1.795,6.765,0.886,3.317
27.174,0.977,0.664,2.499,4.419,1.726,6.576,0.772,3.207
27.415,0.977,0.667,2.499,4.419,1.657,6.395,0.698,3.135
27.655,0.977,0.669,2.499,4.419,1.589,6.223,0.649,3.089
27.896,0.977,0.671,2.499,4.419,1.525,6.059,0.618,3.058
28.136,0.977,0.672,2.499,4.419,1.466,5.903,0.597,3.039
28.377,0.977,0.673,2.499,4.419,1.411,5.757,0.584,3.026
28.617,0.977,0.674,2.499,4.419,1.362,5.618,0.575,3.018
28.858,0.977,0.674,2.499,4.419,1.318,5.487,0.57,3.012
29.098,0.977,0.675,2.499,4.419,1.279,5.364,0.566,3.009
29.339,0.977,0.675,2.499,4.419,1.245,5.249,0.563,3.006
29.579,0.977,0.675,2.499,4.419,1.214,5.14,0.562,3.005
29.82,0.977,0.675,2.499,4.419,1.188,5.037,0.561,3.004
30.06,0.977,0.675,2.499,4.419,1.164,4.941,0.56,3.003
30.301,0.977,0.675,2.499,4.419,1.143,4.85,0.56,3.003
30.541,0.977,0.676,2.499,4.419,1.125,4.765,0.56,3.003
30.782,0.977,0.676,2.499,4.419,1.109,4.685,0.559,3.002
31.022,0.977,0.676,2.499,4.419,1.095,4.61,0.559,3.002
31.263,0.977,0.676,2.499,4.419,1.082,4.539,0.559,3.002
31.503,0.977,0.676,2.499,4.419,1.072,4.473,0.559,3.002
31.743,0.977,0.676,2.499,4.419,1.062,4.41,0.559,3.002
31.984,0.977,0.676,2.499,4.419,1.054,4.352,0.559,3.002
32.224,0.977,0.676,2.499,4.419,1.047,4.297,0.559,3.002
32.465,0.977,0.676,2.499,4.419,1.04,4.245,0.559,3.002
32.705,0.977,0.676,2.499,4.419,1.035,4.196,0.559,3.002
32.946,0.977,0.676,2.499,4.419,1.03,4.15,0.559,3.002
33.186,0.977,0.676,2.499,4.419,1.025,4.107,0.559,3.002
33.427,0.977,0.676,2.499,4.419,1.022,4.067,0.559,3.002
33.667,0.977,0.676,2.499,4.419,1.018,4.029,0.559,3.002
33.908,0.977,0.676,2.499,4.419,1.015,3.993,0.559,3.002
34.148,0.977,0.676,2.499,4.419,1.013,3.96,0.559,3.002
34.389,0.977,0.676,2.499,4.419,1.011,3.928,0.559,3.002
34.629,0.977,0.676,2.499,4.419,1.009,3.899,0.559,3.002
34.87,0.977,0.676,2.499,4.419,1.007,3.871,0.559,3.002
35.11,0.977,0.676,2.499,4.419,1.006,3.845,0.559,3.002
35.351,0.977,0.676,2.499,4.419,1.004,3.82,0.559,3.002
35.591,0.977,0.676,2.499,4.419,1.003,3.797,0.559,3.002
35.832,0.977,0.676,2.499,4.419,1.002,3.775,0.559,3.002
36.072,0.977,0.676,2.499,4.419,1.001,3.755,0.559,3.002
36.313,0.977,0.676,2.499,4.419,1.0,3.736,0.559,3.002
36.553,0.977,0.676,2.499,4.419,1.0,3.718,0.559,3.002
36.794,0.977,0.676,2.499,4.419,0.999,3.701,0.559,3.002
37.034,0.977,0.676,2.499,4.419,0.999,3.685,0.559,3.002
37.275,0.977,0.676,2.499,4.419,0.998,3.67,0.559,3.002
37.515,0.977,0.676,2.499,4.419,0.998,3.656,0.559,3.002
37.756,0.977,0.676,2.499,4.419,0.997,3.643,0.559,3.002
37.996,0.977,0.676,2.499,4.42,0.997,3.63,0.559,3.002
38.236,0.977,0.676,2.499,4.42,0.997,3.619,0.559,3.002
38.477,0.977,0.676,2.5,4.42,0.997,3.608,0.559,3.002
38.717,0.977,0.676,2.503,4.42,0.996,3.598,0.559,3.002
38.958,0.977,0.676,2.512,4.422,0.996,3.588,0.559,3.002
39.198,0.977,0.676,2.543,4.428,0.995,3.579,0.559,3.002
39.439,0.977,0.676,2.641,4.446,0.993,3.57,0.559,3.002
39.679,0.977,0.676,2.923,4.497,0.988,3.562,0.559,3.002
39.92,0.977,0.676,3.551,4.612,0.975,3.554,0.559,3.002
40.16,0.942,0.633,4.4,4.767,0.984,3.566,16.082,17.916
40.401,0.891,0.573,5.017,4.88,1.008,3.611,32.422,33.615
40.641,0.842,0.519,5.292,4.93,1.029,3.669,43.05,43.826
40.882,0.797,0.47,5.387,4.948,1.05,3.74,49.962,50.466
41.122,0.753,0.426,5.417,4.953,1.074,3.821,54.457,54.786
41.363,0.712,0.386,5.426,4.955,1.099,3.911,57.381,57.595
41.603,0.674,0.35,5.429,4.956,1.126,4.011,59.283,59.422
41.844,0.637,0.317,5.43,4.956,1.155,4.117,60.52,60.61
42.084,0.603,0.287,5.43,4.956,1.185,4.231,61.324,61.383
42.325,0.57,0.26,5.43,4.956,1.218,4.352,61.848,61.886
42.565,0.539,0.235,5.43,4.956,1.251,4.478,62.188,62.213
42.806,0.51,0.213,5.43,4.956,1.286,4.61,62.409,62.425
43.046,0.482,0.193,5.43,4.956,1.322,4.747,62.553,62.564
43.287,0.456,0.175,5.43,4.956,1.36,4.888,62.647,62.654
43.527,0.431,0.159,5.43,4.956,1.399,5.034,62.708,62.712
43.768,0.408,0.144,5.43,4.956,1.439,5.185,62.747,62.75
44.008,0.386,0.13,5.43,4.956,1.481,5.339,62.773,62.775
44.248,0.365,0.118,5.43,4.956,1.523,5.496,62.79,62.791
44.489,0.345,0.107,5.43,4.956,1.567,5.657,62.801,62.801
44.729,0.326,0.097,5.43,4.956,1.611,5.821,62.808,62.808
44.97,0.309,0.088,5.43,4.956,1.657,5.988,62.812,62.813
45.21,0.292,0.079,5.43,4.956,1.704,6.157,62.815,62.816
45.451,0.276,0.072,5.43,4.956,1.752,6.329,62.817,62.817
45.691,0.261,0.065,5.43,4.956,1.801,6.504,62.819,62.819
45.932,0.247,0.059,5.43,4.956,1.851,6.68,62.819,62.819
46.172,0.233,0.053,5.43,4.956,1.901,6.859,62.82,62.82
46.413,0.221,0.048,5.429,4.956,1.953,7.039,62.82,62.82
46.653,0.209,0.044,5.427,4.955,2.006,7.222,62.82,62.82
46.894,0.197,0.04,5.42,4.954,2.06,7.406,62.821,62.821
47.134,0.187,0.036,5.398,4.95,2.114,7.591,62.821,62.821
47.375,0.177,0.033,5.326,4.937,2.17,7.778,62.821,62.821
47.615,0.167,0.03,5.109,4.897,2.228,7.967,62.821,62.821
47.856,0.158,0.027,4.582,4.801,2.291,8.157,62.821,62.821
48.096,0.669,0.1,3.749,4.648,2.342,8.339,52.979,53.365
48.337,0.951,0.251,3.038,4.518,2.303,8.432,34.653,35.758
48.577,0.975,0.363,2.686,4.454,2.258,8.438,22.733,24.306
48.818,0.977,0.445,2.558,4.43,2.218,8.381,14.981,16.858
49.058,0.977,0.506,2.517,4.423,2.181,8.275,9.939,12.014
49.299,0.977,0.55,2.504,4.42,2.144,8.135,6.66,8.863
49.539,0.977,0.583,2.5,4.42,2.105,7.969,4.527,6.814
49.78,0.977,0.607,2.499,4.42,2.064,7.785,3.14,5.482
50.02,0.977,0.625,2.499,4.42,2.019,7.589,2.238,4.615
50.261,0.977,0.639,2.499,4.419,1.968,7.387,1.651,4.051
50.501,0.977,0.648,2.499,4.419,1.912,7.184,1.269,3.684
50.741,0.977,0.656,2.499,4.419,1.849,6.982,1.021,3.446
50.982,0.977,0.661,2.499,4.419,1.782,6.785,0.859,3.291
51.222,0.977,0.665,2.499,4.419,1.712,6.595,0.754,3.19
51.463,0.977,0.668,2.499,4.419,1.643,6.412,0.686,3.124
51.703,0.977,0.67,2.499,4.419,1.576,6.238,0.642,3.081
51.944,0.977,0.671,2.499,4.419,1.513,6.073,0.613,3.054
52.184,0.977,0.672,2.499,4.419,1.454,5.916,0.594,3.036
52.425,0.977,0.673,2.499,4.419,1.401,5.769,0.582,3.024
52.665,0.977,0.674,2.499,4.419,1.353,5.629,0.574,3.016
52.906,0.977,0.674,2.499,4.419,1.31,5.498,0.569,3.011
53.146,0.977,0.675,2.499,4.419,1.272,5.374,0.565,3.008
53.387,0.977,0.675,2.499,4.419,1.239,5.258,0.563,3.006
53.627,0.977,0.675,2.499,4.419,1.209,5.148,0.562,3.005
53.868,0.977,0.675,2.499,4.419,1.183,5.045,0.561,3.004
54.108,0.977,0.675,2.499,4.419,1.16,4.949,0.56,3.003
54.349,0.977,0.675,2.499,4.419,1.139,4.858,0.56,3.003
54.589,0.977,0.676,2.499,4.419,1.121,4.772,0.56,3.003
54.83,0.977,0.676,2.499,4.419,1.106,4.691,0.559,3.002
55.07,0.977,0.676,2.499,4.419,1.092,4.616,0.559,3.002
55.311,0.977,0.676,2.499,4.419,1.08,4.545,0.559,3.002
55.551,0.977,0.676,2.499,4.419,1.07,4.478,0.559,3.002
55.792,0.977,0.676,2.499,4.419,1.06,4.415,0.559,3.002
56.032,0.977,0.676,2.499,4.419,1.052,4.356,0.559,3.002
56.273,0.977,0.676,2.499,4.419,1.045,4.301,0.559,3.002
56.513,0.977,0.676,2.499,4.419,1.039,4.249,0.559,3.002
56.754,0.977,0.676,2.499,4.419,1.034,4.2,0.559,3.002
56.994,0.977,0.676,2.499,4.419,1.029,4.154,0.559,3.002
57.234,0.977,0.676,2.499,4.419,1.025,4.111,0.559,3.002
57.475,0.977,0.676,2.499,4.419,1.021,4.07,0.559,3.002
57.715,0.977,0.676,2.499,4.419,1.018,4.032,0.559,3.002
57.956,0.977,0.676,2.499,4.419,1.015,3.996,0.559,3.002
58.196,0.977,0.676,2.499,4.419,1.012,3.962,0.559,3.002
58.437,0.977,0.676,2.499,4.419,1.01,3.931,0.559,3.002
58.677,0.977,0.676,2.499,4.419,1.008,3.901,0.559,3.002
58.918,0.977,0.676,2.499,4.419,1.007,3.873,0.559,3.002
59.158,0.977,0.676,2.499,4.419,1.005,3.847,0.559,3.002
59.399,0.977,0.676,2.499,4.419,1.004,3.822,0.559,3.002
59.639,0.977,0.676,2.499,4.419,1.003,3.799,0.559,3.002
59.88,0.977,0.676,2.499,4.419,1.002,3.777,0.559,3.002
60.12,0.977,0.676,2.499,4.419,1.001,3.757,0.559,3.002
60.361,0.977,0.676,2.499,4.419,1.0,3.737,0.559,3.002
60.601,0.977,0.676,2.499,4.419,1.0,3.719,0.559,3.002
60.842,0.977,0.676,2.499,4.419,0.999,3.702,0.559,3.002
61.082,0.977,0.676,2.499,4.419,0.999,3.686,0.559,3.002
61.323,0.977,0.676,2.499,4.419,0.998,3.671,0.559,3.002
61.563,0.977,0.676,2.499,4.419,0.998,3.657,0.559,3.002
61.804,0.977,0.676,2.499,4.419,0.997,3.644,0.559,3.002
62.044,0.977,0.676,2.499,4.42,0.997,3.631,0.559,3.002
62.285,0.977,0.676,2.499,4.42,0.997,3.62,0.559,3.002
62.525,0.977,0.676,2.5,4.42,0.997,3.609,0.559,3.002
62.766,0.977,0.676,2.504,4.42,0.996,3.598,0.559,3.002
63.006,0.977,0.676,2.516,4.423,0.996,3.589,0.559,3.002
63.246,0.977,0.676,2.555,4.43,0.995,3.579,0.559,3.002
63.487,0.977,0.676,2.677,4.452,0.993,3.571,0.559,3.002
63.727,0.977,0.676,3.018,4.514,0.986,3.562,0.559,3.002
63.968,0.977,0.676,3.717,4.642,0.971,3.554,0.559,3.002
64.208,0.931,0.62,4.554,4.795,0.989,3.576,19.935,21.618
64.449,0.881,0.562,5.095,4.894,1.012,3.623,34.928,36.023
64.689,0.833,0.509,5.32,4.936,1.033,3.684,44.68,45.391
64.93,0.788,0.461,5.396,4.95,1.055,3.757,51.022,51.485
65.17,0.745,0.418,5.42,4.954,1.079,3.84,55.147,55.448
65.411,0.705,0.378,5.427,4.955,1.104,3.932,57.83,58.026
65.651,0.666,0.343,5.429,4.956,1.132,4.033,59.575,59.702
65.892,0.63,0.311,5.43,4.956,1.161,4.141,60.71,60.792
66.132,0.596,0.281,5.43,4.956,1.192,4.256,61.448,61.502
66.373,0.564,0.255,5.43,4.956,1.224,4.378,61.928,61.963
66.613,0.533,0.231,5.43,4.956,1.258,4.505,62.24,62.263
66.854,0.504,0.209,5.43,4.956,1.293,4.638,62.443,62.458
67.094,0.477,0.189,5.43,4.956,1.33,4.776,62.575,62.585
67.335,0.451,0.172,5.43,4.956,1.368,4.919,62.661,62.667
67.575,0.426,0.155,5.43,4.956,1.407,5.066,62.717,62.721
67.816,0.403,0.141,5.43,4.956,1.447,5.216,62.753,62.756
68.056,0.381,0.128,5.43,4.956,1.489,5.371,62.777,62.779
68.297,0.361,0.116,5.43,4.956,1.532,5.529,62.792,62.793
68.537,0.341,0.105,5.43,4.956,1.576,5.691,62.802,62.803
68.778,0.323,0.095,5.43,4.956,1.62,5.855,62.809,62.809
69.018,0.305,0.086,5.43,4.956,1.667,6.023,62.813,62.813
69.259,0.289,0.078,5.43,4.956,1.714,6.193,62.816,62.816
69.499,0.273,0.071,5.43,4.956,1.762,6.365,62.818,62.818
69.739,0.258,0.064,5.43,4.956,1.811,6.54,62.819,62.819
69.98,0.244,0.058,5.43,4.956,1.861,6.717,62.819,62.82
70.22,0.231,0.052,5.43,4.956,1.912,6.896,62.82,62.82
70.461,0.218,0.047,5.429,4.956,1.964,7.077,62.82,62.82
70.701,0.206,0.043,5.426,4.955,2.017,7.26,62.82,62.821
70.942,0.195,0.039,5.418,4.954,2.07,7.444,62.821,62.821
71.182,0.185,0.035,5.389,4.948,2.125,7.63,62.821,62.821
71.423,0.175,0.032,5.298,4.932,2.181,7.817,62.821,62.821
71.663,0.165,0.029,5.034,4.883,2.24,8.006,62.821,62.821
71.904,0.156,0.026,4.431,4.773,2.305,8.196,62.821,62.821
72.144,0.789,0.134,3.582,4.618,2.338,8.367,48.657,49.213
72.385,0.961,0.276,2.941,4.5,2.294,8.44,31.842,33.058
72.625,0.976,0.381,2.648,4.447,2.25,8.433,20.905,22.55
72.866,0.977,0.459,2.545,4.428,2.211,8.364,13.792,15.716
73.106,0.977,0.516,2.513,4.422,2.173,8.251,9.166,11.271
73.347,0.977,0.558,2.503,4.42,2.136,8.104,6.157,8.38
73.587,0.977,0.589,2.5,4.42,2.097,7.934,4.2,6.5
73.828,0.977,0.612,2.499,4.42,2.056,7.748,2.927,5.277
74.068,0.977,0.628,2.499,4.42,2.009,7.55,2.099,4.482
74.309,0.977,0.641,2.499,4.419,1.957,7.348,1.561,3.964
74.549,0.977,0.65,2.499,4.419,1.899,7.144,1.211,3.628
74.79,0.977,0.657,2.499,4.419,1.836,6.943,0.983,3.409
75.03,0.977,0.662,2.499,4.419,1.768,6.747,0.835,3.267
75.271,0.977,0.665,2.499,4.419,1.698,6.558,0.738,3.174
75.511,0.977,0.668,2.499,4.419,1.629,6.377,0.676,3.114
75.752,0.977,0.67,2.499,4.419,1.563,6.205,0.635,3.075
75.992,0.977,0.672,2.499,4.419,1.501,6.041,0.608,3.049
76.232,0.977,0.673,2.499,4.419,1.443,5.887,0.591,3.033
76.473,0.977,0.673,2.499,4.419,1.391,5.741,0.58,3.022
76.713,0.977,0.674,2.499,4.419,1.344,5.603,0.573,3.015
76.954,0.977,0.674,2.499,4.419,1.302,5.473,0.568,3.011
77.194,0.977,0.675,2.499,4.419,1.265,5.351,0.565,3.008
77.435,0.977,0.675,2.499,4.419,1.232,5.236,0.563,3.006
77.675,0.977,0.675,2.499,4.419,1.203,5.128,0.561,3.004
77.916,0.977,0.675,2.499,4.419,1.178,5.026,0.561,3.004
78.156,0.977,0.675,2.499,4.419,1.155,4.93,0.56,3.003
78.397,0.977,0.675,2.499,4.419,1.136,4.84,0.56,3.003
78.637,0.977,0.676,2.499,4.419,1.118,4.756,0.559,3.002
78.878,0.977,0.676,2.499,4.419,1.103,4.676,0.559,3.002
79.118,0.977,0.676,2.499,4.419,1.09,4.602,0.559,3.002
79.359,0.977,0.676,2.499,4.419,1.078,4.531,0.559,3.002
79.599,0.977,0.676,2.499,4.419,1.068,4.465,0.559,3.002
79.84,0.977,0.676,2.499,4.419,1.059,4.403,0.559,3.002
80.08,0.977,0.676,2.499,4.419,1.051,4.345,0.559,3.002
80.321,0.977,0.676,2.499,4.419,1.044,4.29,0.559,3.002
80.561,0.977,0.676,2.499,4.419,1.038,4.239,0.559,3.002
80.802,0.977,0.676,2.499,4.419,1.033,4.191,0.559,3.002
81.042,0.977,0.676,2.499,4.419,1.028,4.145,0.559,3.002
81.283,0.977,0.676,2.499,4.419,1.024,4.103,0.559,3.002
81.523,0.977,0.676,2.499,4.419,1.02,4.062,0.559,3.002
81.764,0.977,0.676,2.499,4.419,1.017,4.025,0.559,3.002
82.004,0.977,0.676,2.499,4.419,1.014,3.989,0.559,3.002
82.244,0.977,0.676,2.499,4.419,1.012,3.956,0.559,3.002
82.485,0.977,0.676,2.499,4.419,1.01,3.925,0.559,3.002
82.725,0.977,0.676,2.499,4.419,1.008,3.895,0.559,3.002
82.966,0.977,0.676,2.499,4.419,1.006,3.868,0.559,3.002
83.206,0.977,0.676,2.499,4.419,1.005,3.842,0.559,3.002
83.447,0.977,0.676,2.499,4.419,1.004,3.817,0.559,3.002
83.687,0.977,0.676,2.499,4.419,1.003,3.794,0.559,3.002
83.928,0.977,0.676,2.499,4.419,1.002,3.773,0.559,3.002
84.168,0.977,0.676,2.499,4.419,1.001,3.753,0.559,3.002
84.409,0.977,0.676,2.499,4.419,1.0,3.734,0.559,3.002
84.649,0.977,0.676,2.499,4.419,1.0,3.716,0.559,3.002
84.89,0.977,0.676,2.499,4.419,0.999,3.699,0.559,3.002
85.13,0.977,0.676,2.499,4.419,0.998,3.683,0.559,3.002
85.371,0.977,0.676,2.499,4.419,0.998,3.668,0.559,3.002
85.611,0.977,0.676,2.499,4.419,0.998,3.654,0.559,3.002
85.852,0.977,0.676,2.499,4.419,0.997,3.641,0.559,3.002
86.092,0.977,0.676,2.499,4.42,0.997,3.629,0.559,3.002
86.333,0.977,0.676,2.499,4.42,0.997,3.617,0.559,3.002
86.573,0.977,0.676,2.501,4.42,0.997,3.607,0.559,3.002
86.814,0.977,0.676,2.505,4.421,0.996,3.596,0.559,3.002
87.054,0.977,0.676,2.52,4.423,0.996,3.587,0.559,3.002
87.295,0.977,0.676,2.57,4.432,0.995,3.578,0.559,3.002
87.535,0.977,0.676,2.722,4.46,0.992,3.569,0.559,3.002
87.776,0.977,0.676,3.128,4.535,0.984,3.561,0.559,3.002
88.016,0.974,0.671,3.89,4.674,0.969,3.553,2.319,4.693
88.257,0.921,0.608,4.693,4.821,0.994,3.584,23.471,25.015
88.497,0.871,0.551,5.16,4.906,1.016,3.634,37.228,38.232
88.737,0.824,0.499,5.343,4.94,1.037,3.698,46.175,46.828
88.978,0.779,0.452,5.403,4.951,1.06,3.773,51.995,52.419
89.218,0.737,0.41,5.422,4.954,1.084,3.858,55.779,56.056
89.459,0.697,0.371,5.428,4.955,1.11,3.952,58.241,58.421
89.699,0.659,0.336,5.429,4.956,1.137,4.054,59.842,59.959
89.94,0.623,0.304,5.43,4.956,1.167,4.164,60.884,60.96
90.18,0.589,0.276,5.43,4.956,1.198,4.28,61.561,61.61
90.421,0.557,0.25,5.43,4.956,1.231,4.403,62.001,62.034
90.661,0.527,0.226,5.43,4.956,1.265,4.532,62.288,62.309
90.902,0.498,0.205,5.43,4.956,1.3,4.665,62.474,62.488
91.142,0.471,0.186,5.43,4.956,1.337,4.804,62.595,62.604
91.383,0.446,0.168,5.43,4.956,1.376,4.948,62.674,62.68
91.623,0.422,0.152,5.43,4.956,1.415,5.095,62.726,62.729
91.864,0.399,0.138,5.43,4.956,1.456,5.247,62.759,62.761
92.104,0.377,0.125,5.43,4.956,1.497,5.402,62.781,62.782
92.345,0.357,0.113,5.43,4.956,1.54,5.561,62.795,62.796
92.585,0.337,0.103,5.43,4.956,1.584,5.723,62.804,62.804
92.826,0.319,0.093,5.43,4.956,1.63,5.888,62.81,62.81
93.066,0.302,0.084,5.43,4.956,1.676,6.056,62.814,62.814
93.307,0.285,0.076,5.43,4.956,1.723,6.227,62.816,62.816
93.547,0.27,0.069,5.43,4.956,1.771,6.4,62.818,62.818
93.788,0.255,0.063,5.43,4.956,1.821,6.575,62.819,62.819
94.028,0.241,0.057,5.43,4.956,1.871,6.753,62.82,62.82
94.269,0.228,0.051,5.43,4.956,1.922,6.932,62.82,62.82
94.509,0.216,0.047,5.429,4.956,1.974,7.113,62.82,62.82
94.749,0.204,0.042,5.425,4.955,2.027,7.296,62.821,62.821
94.99,0.193,0.038,5.414,4.953,2.081,7.481,62.821,62.821
95.23,0.183,0.035,5.378,4.946,2.136,7.667,62.821,62.821
95.471,0.173,0.031,5.265,4.925,2.193,7.855,62.821,62.821
95.711,0.163,0.028,4.944,4.867,2.253,8.044,62.821,62.821
95.952,0.154,0.026,4.268,4.743,2.319,8.234,62.821,62.821
96.192,0.862,0.166,3.425,4.589,2.331,8.389,44.692,45.403
96.433,0.967,0.3,2.858,4.485,2.285,8.445,29.263,30.58
96.673,0.976,0.399,2.617,4.441,2.242,8.423,19.228,20.939
96.914,0.977,0.471,2.535,4.426,2.203,8.345,12.701,14.668
97.154,0.977,0.525,2.51,4.422,2.166,8.224,8.456,10.589
97.395,0.977,0.565,2.502,4.42,2.129,8.072,5.695,7.937
97.635,0.977,0.594,2.5,4.42,2.089,7.898,3.9,6.212
97.876,0.977,0.615,2.499,4.42,2.047,7.709,2.732,5.09
98.116,0.977,0.631,2.499,4.42,1.999,7.51,1.972,4.36
98.357,0.977,0.643,2.499,4.419,1.946,7.307,1.478,3.885
98.597,0.977,0.651,2.499,4.419,1.887,7.103,1.157,3.576
98.838,0.977,0.658,2.499,4.419,1.822,6.903,0.948,3.376
99.078,0.977,0.663,2.499,4.419,1.754,6.709,0.812,3.245
99.319,0.977,0.666,2.499,4.419,1.684,6.521,0.724,3.16
99.559,0.977,0.669,2.499,4.419,1.616,6.342,0.666,3.105
99.8,0.977,0.67,2.499,4.419,1.55,6.171,0.629,3.069
100.04,0.977,0.672,2.499,4.419,1.489,6.01,0.604,3.046
100.281,0.977,0.673,2.499,4.419,1.432,5.857,0.588,3.03
100.521,0.977,0.674,2.499,4.419,1.381,5.712,0.578,3.02
100.762,0.977,0.674,2.499,4.419,1.335,5.576,0.571,3.014
101.002,0.977,0.675,2.499,4.419,1.295,5.448,0.567,3.01
101.242,0.977,0.675,2.499,4.419,1.258,5.327,0.564,3.007
101.483,0.977,0.675,2.499,4.419,1.226,5.214,0.562,3.005
101.723,0.977,0.675,2.499,4.419,1.198,5.107,0.561,3.004
101.964,0.977,0.675,2.499,4.419,1.173,5.006,0.56,3.003
102.204,0.977,0.675,2.499,4.419,1.151,4.912,0.56,3.003
102.445,0.977,0.675,2.499,4.419,1.132,4.823,0.56,3.003
102.685,0.977,0.676,2.499,4.419,1.115,4.739,0.559,3.002
102.926,0.977,0.676,2.499,4.419,1.1,4.661,0.559,3.002
103.166,0.977,0.676,2.499,4.419,1.087,4.587,0.559,3.002
103.407,0.977,0.676,2.499,4.419,1.076,4.518,0.559,3.002
103.647,0.977,0.676,2.499,4.419,1.066,4.453,0.559,3.002
103.888,0.977,0.676,2.499,4.419,1.057,4.391,0.559,3.002
104.128,0.977,0.676,2.499,4.419,1.049,4.334,0.559,3.002
104.369,0.977,0.676,2.499,4.419,1.043,4.28,0.559,3.002
104.609,0.977,0.676,2.499,4.419,1.037,4.229,0.559,3.002
104.85,0.977,0.676,2.499,4.419,1.032,4.181,0.559,3.002
105.09,0.977,0.676,2.499,4.419,1.027,4.136,0.559,3.002
105.331,0.977,0.676,2.499,4.419,1.023,4.094,0.559,3.002
105.571,0.977,0.676,2.499,4.419,1.02,4.055,0.559,3.002
105.812,0.977,0.676,2.499,4.419,1.017,4.017,0.559,3.002
106.052,0.977,0.676,2.499,4.419,1.014,3.982,0.559,3.002
106.293,0.977,0.676,2.499,4.419,1.012,3.95,0.559,3.002
106.533,0.977,0.676,2.499,4.419,1.01,3.919,0.559,3.002
106.774,0.977,0.676,2.499,4.419,1.008,3.89,0.559,3.002
107.014,0.977,0.676,2.499,4.419,1.006,3.862,0.559,3.002
107.255,0.977,0.676,2.499,4.419,1.005,3.837,0.559,3.002
107.495,0.977,0.676,2.499,4.419,1.004,3.813,0.559,3.002
107.735,0.977,0.676,2.499,4.419,1.002,3.79,0.559,3.002
107.976,0.977,0.676,2.499,4.419,1.002,3.769,0.559,3.002
108.216,0.977,0.676,2.499,4.419,1.001,3.749,0.559,3.002
108.457,0.977,0.676,2.499,4.419,1.0,3.73,0.559,3.002
108.697,0.977,0.676,2.499,4.419,0.999,3.712,0.559,3.002
108.938,0.977,0.676,2.499,4.419,0.999,3.696,0.559,3.002
109.178,0.977,0.676,2.499,4.419,0.998,3.68,0.559,3.002
109.419,0.977,0.676,2.499,4.419,0.998,3.665,0.559,3.002
109.659,0.977,0.676,2.499,4.419,0.998,3.652,0.559,3.002
109.9,0.977,0.676,2.499,4.419,0.997,3.639,0.559,3.002
110.14,0.977,0.676,2.499,4.42,0.997,3.627,0.559,3.002
110.381,0.977,0.676,2.499,4.42,0.997,3.615,0.559,3.002
110.621,0.977,0.676,2.501,4.42,0.996,3.604,0.559,3.002
110.862,0.977,0.676,2.507,4.421,0.996,3.594,0.559,3.002
111.102,0.977,0.676,2.526,4.425,0.996,3.585,0.559,3.002
111.343,0.977,0.676,2.588,4.436,0.994,3.576,0.559,3.002
111.583,0.977,0.676,2.777,4.47,0.991,3.567,0.559,3.002
111.824,0.977,0.676,3.254,4.558,0.981,3.559,0.559,3.002
112.064,0.963,0.658,4.064,4.706,0.974,3.556,7.307,9.485
112.305,0.911,0.596,4.817,4.844,0.999,3.593,26.715,28.131
112.545,0.861,0.54,5.213,4.916,1.02,3.646,39.338,40.259
112.786,0.814,0.489,5.361,4.943,1.042,3.712,47.547,48.147
113.026,0.77,0.443,5.409,4.952,1.064,3.789,52.887,53.277
113.267,0.728,0.401,5.424,4.955,1.089,3.876,56.36,56.613
113.507,0.689,0.364,5.428,4.955,1.115,3.972,58.619,58.784
113.747,0.652,0.329,5.43,4.956,1.143,4.075,60.088,60.195
113.988,0.616,0.298,5.43,4.956,1.173,4.187,61.043,61.113
114.228,0.583,0.27,5.43,4.956,1.205,4.304,61.665,61.71
114.469,0.551,0.245,5.43,4.956,1.237,4.428,62.069,62.098
114.709,0.521,0.222,5.43,4.956,1.272,4.558,62.332,62.351
114.95,0.493,0.201,5.43,4.956,1.308,4.693,62.503,62.515
115.19,0.466,0.182,5.43,4.956,1.345,4.833,62.614,62.622
115.431,0.441,0.165,5.43,4.956,1.383,4.977,62.686,62.692
115.671,0.417,0.149,5.43,4.956,1.423,5.125,62.733,62.737
115.912,0.394,0.135,5.43,4.956,1.464,5.278,62.764,62.766
116.152,0.373,0.123,5.43,4.956,1.506,5.434,62.784,62.785
116.393,0.353,0.111,5.43,4.956,1.549,5.593,62.797,62.798
116.633,0.334,0.101,5.43,4.956,1.593,5.756,62.805,62.806
116.874,0.315,0.091,5.43,4.956,1.639,5.922,62.811,62.811
117.114,0.298,0.083,5.43,4.956,1.685,6.09,62.814,62.815
117.355,0.282,0.075,5.43,4.956,1.733,6.261,62.817,62.817
117.595,0.267,0.068,5.43,4.956,1.781,6.435,62.818,62.818
117.836,0.252,0.061,5.43,4.956,1.831,6.611,62.819,62.819
118.076,0.239,0.056,5.43,4.956,1.881,6.788,62.82,62.82
118.317,0.226,0.05,5.43,4.956,1.932,6.968,62.82,62.82
118.557,0.213,0.046,5.428,4.955,1.985,7.15,62.82,62.82
118.798,0.202,0.041,5.424,4.955,2.038,7.333,62.821,62.821
119.038,0.191,0.037,5.41,4.952,2.092,7.518,62.821,62.821
119.279,0.181,0.034,5.365,4.944,2.148,7.704,62.821,62.821
119.519,0.171,0.031,5.223,4.918,2.205,7.892,62.821,62.821
119.76,0.162,0.028,4.839,4.848,2.265,8.082,62.821,62.821
120.0,0.153,0.025,4.097,4.712,2.333,8.273,62.821,62.821
